5.000863369968821
48.01434546533976
93.890843226933
93.13179608865858
83.752582234463
79.26023247512049
11.737100202694428
17.99292187096304
75.7352288293912
57.99879720940388
47.99245240237706
56.63159152581684
62.475295662359954
58.84877368211193
17.25062233963255
94.8456984271564
37.25937223814451
88.28864275255613
17.500488843617223
67.09487489096317
38.4490560189499
37.67497642535045
42.73753567439326
34.80116903225743
39.5159597787555
95.23685146461229
66.82328938847607
40.46081709791889
75.65819919345975
47.81110257765143
86.70609794187344
59.78695732504475
22.895027088083662
36.77462031879277
100.71433522635141
21.85705334790111
9.696345272652394
19.446233781944834
63.3557538183343
18.117679012208065
33.48902300695836
27.172209390987323
1.9043365956528104
75.1032396395627
74.79209508658575
4.3757362059689715
2.0286860906356
22.854098771905463
50.26806492322211
59.04220846022344
69.81364164124975
51.27348146897624
22.63771370255896
54.428498086399486
55.74946880826727
10.04145917254654
90.19095315811288
24.225866398398722
82.61058589286738
74.20819758288397
11.536410343262336
98.97249817599047
53.618529217404564
67.21755881249092
82.26762483878264
90.20309901858904
29.881421549636897
5.866087819309017
69.3838469294189
90.63940216063266
56.824949815039396
7.581254116428581
26.58862674438217
13.666798874354335
88.17743483609807
79.40681036715947
58.999501859269564
13.408757825892591
3.0443091267750346
90.21196273918966
79.33727192228962
97.9020827959212
36.70490179073168
12.894989050146787
99.32351153943503
72.19244506174437
48.98714693557565
11.730846738040489
29.800079678480696
25.61109842049023
35.423464675287406
41.51620290530777
20.9946214949128
8.059990973135
45.86368476477407
19.794246758691024
60.39113021100527
23.8240038958633
12.818615873829796
31.195534703026095
